cand               D4          F76           G0     pressure           v6   pool: pts  +/-   p(sign)   flips lost_st  st_diff prod_diff  ff maxms
base       79.0         59.0         67.0         83.0         51.0          288.0 +0/-0      nan    30.3    1158      362      33.6   0   177
H1a         71.0 (-8)    60.0 (+1)   57.0 (-10)    76.0 (-7)   41.0 (-10)    264.0 +64/-88    0.979    29.2    1191      232      22.1   0    58
H1b         71.0 (-8)    62.0 (+3)   54.0 (-13)    78.0 (-5)   37.0 (-14)    265.0 +68/-91    0.972    27.8    1143      333      28.6   0   129
H1c        64.0 (-15)    55.0 (-4)   53.0 (-14)    80.0 (-3)    46.0 (-5)    252.0 +65/-101    0.998    28.1    1176      250      22.1   0    92
H2a        65.0 (-14)    59.0 (+0)    58.0 (-9)    81.0 (-2)    56.0 (+5)    263.0 +62/-87    0.984    30.6    1217      234      29.7   0   136
H2b         73.0 (-6)    57.0 (-2)    61.0 (-6)    84.0 (+1)    59.0 (+8)    275.0 +65/-78    0.879    31.1    1272      247      40.6   0    81
H2c         74.0 (-5)   78.0 (+19)    68.0 (+1)    86.0 (+3)   73.0 (+22)    306.0 +79/-61    0.075    32.2    1250      411      61.8   0    47
H2r1        84.0 (+5)   78.0 (+19)    66.0 (-1)    89.0 (+6)   66.0 (+15)    317.0 +81/-52    0.007    33.6    1305      458      76.3   0    45
H2r2        82.0 (+3)   80.0 (+21)    62.0 (-5)    85.0 (+2)   67.0 (+16)    309.0 +73/-52    0.037    33.1    1282      430      64.3   0    35
H2r4        86.0 (+7)   75.0 (+16)    69.0 (+2)    78.0 (-5)   70.0 (+19)    308.0 +80/-60    0.054    31.4    1186      446      54.3   0   104
H3a         71.0 (-8)    56.0 (-3)    64.0 (-3)    81.0 (-2)   37.0 (-14)    272.0 +52/-68    0.940    30.3    1133      405      33.5   0   149
H3b        66.0 (-13)    62.0 (+3)    67.0 (+0)    83.0 (+0)    60.0 (+9)    278.0 +62/-72    0.829    29.7    1086      440      29.2   0   133
H3c        69.0 (-10)    63.0 (+4)    66.0 (-1)    81.0 (-2)    59.0 (+8)    279.0 +63/-72    0.805    29.6    1104      428      30.2   0   106
L0          79.0 (+0)    59.0 (+0)    67.0 (+0)    83.0 (+0)    51.0 (+0)    288.0 +0/-0    1.000    30.3    1158      362      33.6   0    50
